{
    "original": {
        "Accuracy": 0.9776927308263988,
        "Precision": 0.06398809523809523,
        "Recall": 0.8716216216216216,
        "F1": 0.11922365988909427,
        "ROC-AUC": 0.9699182329055124
    },
    "augmented": {
        "Accuracy": 0.9863301787592008,
        "Precision": 0.19469644103279832,
        "Recall": 0.9457627118644067,
        "F1": 0.3229166666666667,
        "ROC-AUC": 0.9827919056594214
    }
}