{
    "original": {
        "Accuracy": 0.9776927308263988,
        "Precision": 0.06398809523809523,
        "Recall": 0.8716216216216216,
        "F1": 0.11922365988909427,
        "ROC-AUC": 0.9699182329055124
    },
    "augmented": {
        "Accuracy": 0.9865521673092651,
        "Precision": 0.19731258840169733,
        "Recall": 0.9457627118644067,
        "F1": 0.3265067290813341,
        "ROC-AUC": 0.9830845689089014
    }
}